V	CH1		Ch2		 Ch5		Ch6
30	-0.016893  	0.00303242  	0.203542  	-0.0288561
60	-4.59838  	-0.898536  	5.56536  	0.080877
90	-9.58201  	-1.82626  	11.1404  	0.417818
120	-11.0248  	-2.09321  	12.3902  	0.821716
150	-11.0479  	-2.07017  	12.0026  	1.22792
180	-11.3886	-2.22496	13.018		1.44311
210	-9.46091	-1.75855	9.45466	1.86751
240	-8.8232	-1.64497	8.329		2.13813
270	-8.3864	-1.5589	7.39969	2.38098
300	-8.01812	-1.45829	6.3174		2.56934
350	-7.01443	-1.26056	5.60368	3.20686
400	-7.20397	-1.32011	5.26306	3.22582
450	-6.38573	-1.1567	4.87707	3.16855
500	-5.73784	-1.04025	3.75552	3.13341
600	-4.96586	-0.913444	3.31077	3.12504
700	-4.32587	-0.81145	2.27054	3.06917
800	-4.04651	-0.742502	2.15494	3.05521
900	-3.63467	-0.664958	1.80777	2.91486
1000	-3.33864	-0.620671	1.40048	2.81071


**********************
Scan on Vdrift with ROW THGEM 2020-03-10
Ibeam=400 pA	Target=9.6 mg/cm^2	<Rate>=14.9 Hz
P=20.7 mbar	Vind=50 V	VTHGEM=190 V

