V	CH1		Ch2		 Ch5		Ch6
200	-0.925692  	-0.294525  	1.16532  	0.0316571	
300	-1.19253  	-0.384494  	1.28924  	0.13636
400	-1.36927  	-0.439009  	1.74373  	0.0622353
500	-1.51793  	-0.478313  	1.74237  	0.148503
600	-1.51488  	-0.476593  	1.25544  	0.124415
700	-1.66926  	-0.528456  	2.09388  	0.177516
800	-1.58191  	-0.519255  	1.88578  	0.186619
900	-1.74367  	-0.553057  	1.90797  	0.281162
1000	-1.78887  	-0.594358  	2.42139  	0.273695
1100	-1.81843  	-0.572871  	2.09116  	0.403456


******************************
Scan on Vdrift  2020-03-09 
P=20.7mbar	Ibeam~100pA	Vind=100V	VTHGEM=205V


