v		CH1		Ch2		 Ch5		Ch6
0		0.00370826  	-0.00160667  	-0.0508531  	0.063264
30		-2.20415  	-0.341187  	2.44449  	0.10787
60		-3.54889  	-0.510788  	3.78618  	0.286718
90		-3.87436  	-0.552999  	3.9751  	0.457222
120		-3.55809  	-0.488206  	3.27702  	0.764885
150		-3.07305  	-0.439089  	2.54565  	0.950819
180		-2.78091  	-0.384376  	2.16646  	1.01471
210		-2.52604  	-0.350128  	1.76774  	1.10389
240		-2.34355  	-0.318129  	1.53595  	1.0913
270		-2.12504  	-0.292306  	1.30859  	1.08621
300		-2.00648  	-0.264934  	1.03953  	1.16579
330		-1.90647  	-0.262022  	1.02623  	1.02719
360		-1.82413  	-0.256565  	1.1048  	1.13806
400		-1.71926  	-0.254317  	0.625354  	1.14121
500		-1.52117  	-0.220068  	0.467432  	1.11124
600		-1.40209  	-0.178587  	0.7108  	1.02132
700		-1.29446  	-0.17977  	0.346971  	1.07899


****************************
ROW THGEM, Scan of Vdrift at 10 mbar
Vind=50V   VTHGEM=180V
