v			CH1				Ch2			  Ch5				Ch6
0		-0.00105144  	-0.0101532  	-0.0109094  	0.0264663
100	-7.68547		  	-0.85771 	 	8.33374  		0.223342
200	-8.42189  		-0.813744  		8.25177  		0.977932
300	-6.62879  		-0.683099  		5.55921  		1.40878
500	-4.01413  		-0.40878  		2.81759  		1.69073
600	-3.44417  		-0.366178  		2.34972  		1.64486
700	-3.11971 	 	-0.330862 	 	1.69313 		 	1.75173
800	-2.89122 	 	-0.296973 	 	1.69431 		 	1.74373
900	-2.64396 	 	-0.286581 	 	1.42724 		 	1.63383
1000	-2.55184		  	-0.263671  		1.42226  		1.65353
1100	-2.22628  		-0.232405  		0.843939  		1.6389
1200	-2.27904  		-0.239856  		1.24161  		1.67468
1300	-2.1022  		-0.231233  		0.474863  		1.6794
1400	-2.09349  		-0.217697	  	0.767024  		1.64385


###############################################
Scan della regione di drift con la ROW THGEM
pressione 30 mbar
VTHGEM 240
VIND 70
DATA 2019-12-17
