V	CH1		Ch2		 Ch5		Ch6
30	-0.007158	-0.00843912	0.0753766	-0.0794995
60	-0.0807686	-0.0181497	0.0852014	0.0191307
90	-0.159166	-0.0334368	0.1371		0.0218226
120	-0.122715	-0.0345575	0.0910209	0.0674863
150	-0.128326	-0.0329187	0.0959221	0.0835251
180	-0.133775	-0.022113	0.121353	0.0511973
210	-0.146596	-0.032558	0.129226	0.0383552
240	-0.145379	-0.0280597	0.182405	-0.00979927
270	-0.119167	-0.0414637	0.102731	0.0401351
300	-0.152839	-0.0382017	0.0841907	0.0944409
350	-0.111055	-0.0264403	-0.0136843	0.0382897
400	-0.105695	-0.0138359	-0.351752	0.0776305
450	-0.112354	-0.0231775	-0.290673	0.034519
500	-0.102718	-0.0196683	0.275895	0.113262
600	-0.0860573	-0.0160465	-0.0975122	0.0213711
700	-0.0816863	-0.023409	-0.0157695	0.0001446
800	-0.0976326	-0.0141869	-0.0401818	0.0525048
900	-0.0539899	-0.0143821	0.0516686	0.0195742


**********************
Scan on Vdrift with ROW THGEM 2020-03-10
Ibeam~160 pA (oscillating between 0-200)	Target=0.972 mg/cm^2
<Rate>=0.4 Hz
P=20.7 mbar	Vind=50 V	VTHGEM=190 V

