v			CH1				Ch2			  Ch5				Ch6
0		-0.00337398  	-0.00541961  	-0.0491154  	0.0580119
100	-3.0926  		-0.37199  		3.25464  		0.211128
200	-3.04508  		-0.351231  		2.73439  		0.653374
300	-2.1555  		-0.250951  		1.57797  		0.742151
400	-1.79594  		-0.213159  		1.17881  		0.7643
500	-1.47115  		-0.162124  		0.578555  		0.74256
600	-1.32837  		-0.148035  		0.880671  		0.753906
700	-1.23706  		-0.132964  		0.767227  		0.709869
800	-1.1118  		-0.127291  		0.74507  		0.720351
900	-1.04509  		-0.114367  		0.357924  		0.678652
1000	-1.03583  		-0.124613  		0.761101  		0.669541
1100	-0.931195  		-0.103781  		0.216664  		0.743248
1200	-0.921139  		-0.111831  		0.131526  		0.628962
1300	-0.89031  		-0.103042  		0.256806  		0.623229


###############################################
Scan della regione di drift con la ROW THGEM
pressione 30 mbar
VTHGEM 230
VIND 70
DATA 2019-12-18
