v		CH1		Ch2		 Ch5		Ch6
100		-12.3579  	-0.924339  	12.9526  	0.415267
200		-10.8058  	-0.78744  	10.2594  	1.40636
300		-7.64363  	-0.537064  	6.20686  	1.99498
400		-5.67647  	-0.414303  	4.35014  	2.25511
500		-4.82584  	-0.380614  	3.31877  	2.16388
600		-4.20184  	-0.321443  	2.34579  	2.26904
700		-3.79825  	-0.295246  	1.99379  	2.26455
800		-3.4966  	-0.284633  	2.30042  	2.29482
900		-3.28037  	-0.258362  	1.5901  	2.2808
1000		-3.05358  	-0.243833  	1.01881  	2.32681


************************************
ROW THGEM, Scan of Vdrift at 20.1 mbar
Vind=80V   VTHGEM=210V
