v		CH1				Ch2				Ch5		Ch6
0		-4.78924  	-1.45901  	6.32046  	-0.0360712
50	 	-10.8374  	-3.27664  	14.0591  	0.167389
100	-11.7718  	-3.48133  	14.7222  	0.441454
150	-11.5556  	-3.38321  	14.2246  	0.655571
200	-11.783  	-3.40017  	14.2412  	0.811644
250	-11.9211  	-3.41978  	14.1111  	0.975161
300	-11.7763  	-3.37548  	13.1306  	1.1295
350	-11.7308  	-3.33098  	13.6501  	1.31205
400	-11.7535  	-3.34451  	13.8566  	1.39035
450	-11.8714  	-3.37692  	13.3159  	1.66181
500	-11.6534  	-3.32371  	13.5778  	1.73512
550	-11.8229  	-3.35116  	13.1475  	1.98172
600	-11.5963  	-3.30913  	12.9123  	2.065
650	-12.0107  	-3.39327  	12.7193  	2.32093
700	-11.7939  	-3.34147  	13.0221  	2.01578
750	-11.7381  	-3.33685  	12.37  	2.44893
800	-11.8259  	-3.3242  	12.721  	1.50631


###############################################
Scan della regione di induzione con la THGEM 10
pressione 10 mbar
VTHGEM 190
VIND 70
DATA 2019-12-09
