v		CH1		Ch2		 Ch5		Ch6
0		-0.71052  	-1.85561  	0.923192  	1.56346
10		-1.4897  	-1.12839  	0.827196  	1.64945
20		-1.96096  	-0.938118  	0.956422  	1.80224
30		-2.19515  	-0.742947  	1.01028  	1.80156
40		-2.49718  	-0.598362  	1.41903  	1.97465
50		-2.80565  	-0.511266  	1.45147  	2.0256
60		-3.08255  	-0.421866  	1.2219  	2.12575
70		-3.28375  	-0.34846  	1.48024  	2.18605
80		-3.49813  	-0.271794  	1.38521  	2.24358
90		-3.99172  	-0.229654  	1.61774  	2.50057
100		-4.42049  	-0.17958  	1.81162  	2.66222
110		-4.93566  	-0.100829  	1.71647  	2.88143
120		-5.64813  	-0.0258044  	2.61305  	3.20099
130		-6.53329  	0.121539  	3.16615  	3.46179


****************************************
ROW THGEM, Scan of Vind at 20.1 mbar
VTHGEM=210V   Vdrift=800V
