V		ch1 			ch2 		ch5			ch6
0		-1.0246	-5.24167		5.18457	1.28571
10		-1.84569	-4.41875		5.11936	1.23547
20		-2.66698	-3.9657		5.3526	1.35089	
30		-3.56807	-3.54726		5.84741	1.57469
40		-4.32446	-3.15327		6.28255	1.46279
50		-4.82871	-2.76514		6.30309	1.54679
60		-5.05196	-2.31498		5.56037	1.46524
70		-5.84126	-2.19076		6.94728	1.65875
80		-6.01569	-1.8868		6.40401	1.60733
90		-6.65035	-1.74044		7.06859	1.63746
100	-7.04699	-1.54129		6.74128	1.61981
110	-7.84582	-1.40118		7.75484	1.80111
120	-8.98979	-1.23721		8.38802	1.96673	
130	-9.95488	-0.990231	8.947		2.0844	
140	-10.743	-0.67356		9.07609	2.16126
140	-10.0243	-0.635373	8.03895	2.00855
150	-11.4201	-0.280229	9.27556	2.13461
160	-12.9999	0.254585		10.1841	2.38581
170	-15.4603	1.00291		11.456	2.65267
180	-17.5684	1.85626		12.5627	2.71003
190	-21.1661	3.31463		14.6339	3.12967
200	-25.906	5.3897		16.6699	3.53022

###############################################
Scan della regione di induzione con la THGEM 10
pressione 20 mbar
VTHGEM 200
VDRIFT 1000
DATA 2019-12-05
