V		ch1 				ch2 			ch5			ch6
0		-1.98976		-10.7942		10.1821		1.91008
20		-4.9025		-7.89397		10.6903		1.99305
60		-8.55136		-4.22786		10.6438		2.01109
80		-10.0223		-3.46399		10.9789		2.05463
100	-10.5001		-2.69351		10.9434		2.1028
110	-11.5685		-2.57553		11.6713		2.15792
120	-11.7132		-2.28476		11.5647		2.2297
130	-12.1887		-2.04332		12.135		2.22331		
140	-12.8224		-1.86566		12.1623		2.27242
160	-14.2427		-1.46431		13.4622		2.43274		
180	-16.523		-0.961786	14.1199		2.72248
200	-21.6962		-0.071962	18.2044		3.21162
	



###############################################
Scan della regione di induzione con la THGEM 230
pressione 30 mbar
VTHGEM 200
VDRIFT 1000
DATA 2019-12-03
