V		ch1 			ch2 		ch5			ch6
0		-0.604633	-3.21349	3.42137	0.703713
10		-1.0574	-2.7019		3.45585	0.719333
20		-1.55031	-2.48047		3.22328	0.722515
30		-1.85688	-2.06179		3.64365	0.693057
40		-2.27235	-1.80216		3.22338	0.741753
50		-2.51083	-1.52534		3.88035	0.697254
60		-2.75057	-1.34297		3.68002	0.774031
70		-2.96959	-1.19977		3.33816	0.74841
80		-3.15744	-1.09683		3.72007	0.766952
90		-3.36821	-0.99616		3.21333	0.841046
100	-3.56386	-0.905868	3.59664	0.740715
110	-3.58947	-0.806354	3.79748	0.867566
120	-3.88838	-0.749544	3.97139	0.924309
130	-3.90402	-0.652303	4.05453	0.855914
140	-4.26194	-0.59761		3.83458	0.900961
140	-4.53164	-0.64502		4.41393	0.961187
150	-4.9145	-0.617765	4.60119	0.964782
160	-5.18756	-0.53738		4.83288	0.942858
170	-5.367	-0.443617	4.85761	0.988473
180	-5.83036	-0.35612		5.12433	1.04126
190	-6.42153	-0.265997	5.26294	1.06785
200	-7.20968	-0.108646	5.85938	1.1768
210	-7.62954	0.0654646	6.32214	1.22281
220	-9.48961	0.480662		7.14685	1.53953

###############################################
Scan della regione di induzione con la THGEM 10
pressione 30 mbar
VTHGEM 220
VDRIFT 1000
DATA 2019-12-03
