V		ch1 				ch2 			ch5			ch6
0		-0.102523	-0.542647	1.26534	0.180744	
20		-0.254297	-0.376916	0.445584	0.169894
40		-0.376558	-0.302333	0.419639	0.163246
60		-0.45145		-0.226313	0.245566	0.208643
80		-0.557669	-0.194991	0.328945	0.179011
100	-0.626789	-0.15969		0.772799	0.138976
110	-0.671214	-0.136771	0.469656	0.212279
120	-0.725184	-0.124241	0.653257	0.191889
130	-0.786673	-0.127856	-0.127856	0.2086
140	-0.837346	-0.113321	1.18865	0.275941
150	-0.894856	-0.101092	0.741399	0.253834
160	-0.901196	-0.0872916	0.997698	0.218758
180	-1.08848		-0.0571236	1.06209	0.226852
200	-1.36897		0.0291103	0.885151	0.177962
220	-1.70298		0.122469		1.20421	0.199487


###############################################
Scan della regione di induzione con la THGEM 10
pressione 30 mbar
VTHGEM 200
VDRIFT 1000
DATA 2019-12-03
