v		CH1		Ch2				Ch5		Ch6
0	-0.583797  	-2.571  	2.8003  	0.522832
10	-0.988249  	-2.12448  	2.87889  	0.531876
20	-1.34222  	-1.81607  	2.68011  	0.442071
30	-1.67481  	-1.55396  	2.59317  	0.470343
40 -2.02866  	-1.30184  	2.97868  	0.524174
50	-2.29803  	-1.12893  	2.73797  	0.541309
60	-2.56996  	-0.941529  	3.02447  	0.573922
70	-2.95527  	-0.825429  	3.66795  	0.601878
80	-3.36788  	-0.653963  	3.55262  	0.714222
90 -3.90721  	-0.423397  	3.47515  	0.65943
100 -4.61739  	-0.166988  	3.64006  	0.785837
110 -5.64242  	0.207394  	4.44682  	0.873242
120	-6.83539  	0.768401  	4.62065  	0.93625
130	-8.60465  	1.60478  	5.63265  	0.978878
140	-10.9655  	2.85972  	6.81094  	1.15636
150	-13.5462  	4.37624  	7.61318  	1.3535

###############################################
Scan della regione di induzione con la THGEM 10
pressione 10 mbar
VTHGEM 170
VDRIFT 600
DATA 2019-12-09
