v		CH1			Ch2			Ch5		Ch6
0	-0.826652  	-2.18119  	1.59213  	1.87856
10	-2.04612  	-1.46492  	1.4055  		2.21947
20	-2.45987  	-1.09762  	1.34106  	2.15322
30	-3.01691  	-0.938907  	1.84849  	2.33524
40	-3.41903  	-0.780423  	2.02074  	2.47604
50	-3.6896  	-0.614934  	2.22321  	2.52331
60 -4.20748  	-0.532273  	2.95148  	2.72863
70	-4.51257  	-0.420536  	2.37176  	2.77833
80	-5.04708  	-0.349266  	2.45782  	3.04521
90	-5.17075  	-0.252691  	2.60338  	3.06667
100	-6.10897  	-0.205796  	3.10772  	3.45818
110	-6.7796  	-0.137003  	3.49933  	3.62204


###############################################
Scan della regione di induzione con la ROW THGEM
pressione 20 mbar
VTHGEM 220
VDRIFT 800
DATA 2019-12-11



