v			CH1			Ch2			  Ch5				Ch6
0		-0.744023  	-1.80404 	 	1.27609  	1.48485
10		-1.59838  	-1.12458  		1.3821 	 	1.51112
20		-1.89106  	-0.838649  		1.45632  	1.53129
30		-2.16695  	-0.665319  		1.38848  	1.58092
40		-2.46756  	-0.568872  		1.10804  	1.63744
50		-2.68904  	-0.469767  		1.657  		1.68091
60		-2.869  		-0.383246  		1.92249  	1.78942
70		-3.07441  	-0.318921  		1.65046  	1.79271
80		-3.17956  	-0.249805  		1.46251  	1.78011
90		-3.25767  	-0.216609  		1.53216  	1.89811
100	-3.45296  	-0.179059  		2.01644  	1.87235
110	-3.42532  	-0.0407468  	1.47685  	1.77547


###############################################
Scan della regione di induzione con la ROW THGEM
pressione 30 mbar
VTHGEM 240
VDRIFT 800
DATA 2019-12-17
