v		CH1		Ch2		 Ch5		Ch6
140		-0.0335356  	-0.00722818	  -0.0254939	0.07858
150		-0.107578  	-0.0141204  	0.0291356  	0.121149
160		-0.341516  	-0.0563883  	0.316621  	0.0716426
165		-0.562096  	-0.098963  	0.36846  	0.278689
170		-0.917883  	-0.154612  	0.638758  	0.427738
175		-1.50348  	-0.245425  	1.04582  	0.71132
180		-2.40113  	-0.375815  	1.88335  	0.892528
185		-3.79996  	-0.579496  	3.0856  	1.29684
190		-5.81719  	-0.878869  	5.1074  	1.58474
195		-9.05931  	-1.29095  	8.34355  	1.99141
200		-13.7147  	-1.83115  	13.183  	2.30718


************************

Scan of VTHGEM of ROW THGEM at P=10.9 mbar
Vind=50	       Vdrift=200
