V		CH1		Ch2		 Ch5		Ch6
100		-0.110585  	-0.059966  	0.264911  	0.300822
110		-0.363463  	-0.207134  	0.936799  	0.380306
120		-0.855575  	-0.53318  	1.47623  	0.466654
130		-2.30119  	-1.41981  	3.65077  	0.69238
140		-7.99201  	-4.94979  	11.5698  	1.82194
150		-17.7029  	-11.0769  	26.4339  	3.3054
160		-55.2547  	-35.1367  	79.9294  	9.37124
170		-129.829  	-84.4536  	196.28  	15.987
180		-269.965  	-178.521  	424.195  	21.118

*********************************
Scan on VTHGEM
Vind=50		Vdrift=400	P=10mbar	Ibeam=370-430
