v			CH1				Ch2			  Ch5				Ch6
220 		-0.0500512  	-0.0077941  	0.299694  	0.0250641
230		-0.107862  	-0.0231461  	0.223358  	0.0608442
240		-0.227762  	-0.030148  	0.176933  	0.179445
245		-0.355682  	-0.0333  	0.242722  	0.238725
250 		-0.566801  	-0.0483832  	0.388702  	0.336926
255		-0.83471  	-0.0940496  	0.16818  	0.549142
260		-1.28384  	-0.124728  	1.22475  	0.731647
265		-1.85009  	-0.177991  	1.36837  	0.945907

########################################
row THGEM P=40 mbar
Vind 80V  Vdrift 700V
