V	CH1		Ch2		 Ch5		Ch6
170	-0.0537778  	-0.0108521  	0.119434  	-0.0415586
180	-0.116355  	-0.0525042  	0.115588  	0.057902
190	-0.34353  	-0.0961949  	0.4669  	0.125571
195	-0.584461  	-0.182366  	0.649957  	0.214205
200	-1.07977  	-0.336088  	0.788834  	0.261338
205	-1.09588  	-0.347459  	1.18991  	0.299537
210	-2.08133  	-0.659521  	1.9891  	0.349332
215	-3.35325  	-1.00638  	3.7621  	0.419213
220	-5.41927  	-1.57211  	5.23597  	0.58662


******************************
Scan on Vthgem  2020-03-09 
P=20.7mbar	Ibeam~100pA	Vind=100V	Vdrift=1000V


