V	CH1		Ch2		 Ch5		Ch6
160	-1.67291  	-0.572659  	1.74107  	0.679846
165	-4.67689  	-1.58259  	4.63825  	1.50097
170	-7.17948  	-2.45547  	7.24609  	2.15217
175	-10.4657  	-3.54038  	10.7418  	2.78834
180	-16.8541  	-5.69933  	17.9644  	4.21852
185	-24.8149  	-8.39773  	26.9584  	5.95825
190	-35.6644  	-12.0508  	38.5333  	8.00721
195	-54.2618  	-18.2373  	60.9531  	10.7696
200	-78.2187  	-26.0572  	88.802  	13.8312
205	-111.091  	-36.5692  	128.362  	16.9708
210	-171.453  	-55.3734  	203.726  	21.221



*****************************
Scan on VTHGEM   P=20.7mbar
Ibeam=400 pA		Vind=100V	Vdrift=1000V
